---------------------------
Data Set: Mislabeled-Big
Vanilla Training: 8133 ham and 8584 spam.
Testing: 6000 ham and 6000 spam.
Pollution Training: 2400 ham and 2400 spam.
---------------------------


Cluster Pollution Rates:
---------------------------
0     0                0                0                0                0                0                0                0                0                0                0                0                0                0                0                0                0                0                0                0                0                0                0                0                0                0                0                0                0                0                0                
50    0.2              0.36                              0.34                              0.56             0.54             0.44             0.8              0.36             0.58             0.3              0.6              0.2              0.98             0.88             0.98             0.94             0.74             0.06                              0.7              0.06             0.1              0.36             0.22             0.38             0.0              0.66             0.0              0.7              
100   0.3              0.38                              0.36                              0.28             0.27             0.22             0.52             0.44             0.29             0.44             0.55             0.43             0.73             0.73             0.97             0.53             0.8              0.12                                               0.15             0.19                              0.29             0.3              0.0              0.49             0.04             0.35             
150                                                                                        0.493333333333   0.433333333333   0.146666666667   0.453333333333                    0.286666666667   0.293333333333   0.366666666667   0.62             0.786666666667   0.733333333333   0.846666666667   0.68             0.76                                                                                 0.146666666667                    0.193333333333   0.266666666667   0.0              0.453333333333   0.0666666666667  0.233333333333   
200                                                                                                         0.545            0.355            0.59                              0.465            0.22             0.455            0.715            0.605            0.7              0.885            0.7              0.745                                                                                                                  0.195            0.2              0.0              0.385            0.06             0.175            
250                                                                                                                                           0.488                             0.456            0.32                              0.6              0.56             0.684            0.768            0.56             0.736                                                                                                                                   0.208            0.0              0.34             0.072            0.14             
300                                                                                                                                           0.406666666667                                     0.426666666667                                     0.616666666667   0.57             0.64             0.466666666667   0.71                                                                                                                                                     0.0              0.3              0.0733333333333  0.116666666667   
350                                                                                                                                           0.348571428571                                                                                                         0.582857142857   0.585714285714   0.4              0.688571428571                                                                                                                                           0.0              0.311428571429   0.0657142857143  0.1              
400                                                                                                                                           0.325                                                                                                                  0.635            0.6375           0.35             0.68                                                                                                                                                     0.0              0.2725           0.07             0.0875           
450                                                                                                                                           0.4                                                                                                                                     0.677777777778   0.335555555556   0.653333333333                                                                                                                                           0.0              0.242222222222                    0.0777777777778  
500                                                                                                                                           0.46                                                                                                                                    0.674            0.402            0.65                                                                                                                                                     0.0              0.242                             0.07             
550                                                                                                                                                                                                                                                                                   0.612727272727   0.456363636364   0.656363636364                                                                                                                                           0.0                                                0.0636363636364  
600                                                                                                                                                                                                                                                                                   0.561666666667   0.501666666667   0.63                                                                                                                                                                                                        0.0583333333333  
650                                                                                                                                                                                                                                                                                   0.518461538462   0.54             0.62                                                                                                                                                                                                        0.0538461538462  
700                                                                                                                                                                                                                                                                                   0.481428571429   0.571428571429   0.618571428571                                                                                                                                                                                              0.0871428571429  
750                                                                                                                                                                                                                                                                                   0.449333333333                    0.604                                                                                                                                                                                                       0.148            
800                                                                                                                                                                                                                                                                                   0.4825                            0.595                                                                                                                                                                                                       0.20125          
850                                                                                                                                                                                                                                                                                   0.512941176471                    0.585882352941                                                                                                                                                                                              0.248235294118   
900                                                                                                                                                                                                                                                                                   0.54                              0.578888888889                                                                                                                                                                                                               
950                                                                                                                                                                                                                                                                                   0.564210526316                    0.571578947368                                                                                                                                                                                                               
1000                                                                                                                                                                                                                                                                                  0.579                             0.552                                                                                                                                                                                                                        
1050                                                                                                                                                                                                                                                                                                                    0.554285714286                                                                                                                                                                                                               
1100                                                                                                                                                                                                                                                                                                                    0.534545454545                                                                                                                                                                                                               
1150                                                                                                                                                                                                                                                                                                                    0.537391304348                                                                                                                                                                                                               
1200                                                                                                                                                                                                                                                                                                                    0.516666666667                                                                                                                                                                                                               
1250                                                                                                                                                                                                                                                                                                                    0.524                                                                                                                                                                                                                        
1300                                                                                                                                                                                                                                                                                                                    0.503846153846                                                                                                                                                                                                               
1350                                                                                                                                                                                                                                                                                                                    0.515555555556                                                                                                                                                                                                               
