CLUSTER AND RATE COUNTS:
---------------------------
0: 60.2416666667
1: 60.2666666667, 101, 0
2: 60.95, 901, 0
3: 61.1, 601, 0
4: 61.125, 101, 0
5: 61.0833333333, 101, 0
6: 61.125, 101, 0
7: 60.9916666667, 101, 0
8: 93.6416666667, 1401, 1200
9: 93.7083333333, 101, 0
10: 93.9416666667, 501, 0
11: 93.95, 201, 0
12: 94.025, 101, 0
13: 94.1166666667, 101, 0
14: 93.9833333333, 101, 0
15: 94.1, 101, 0
16: 93.95, 201, 0
17: 93.8666666667, 101, 0
18: 93.9416666667, 301, 0
19: 93.7, 101, 0
20: 93.7166666667, 101, 0
21: 93.7166666667, 101, 0
22: 93.6416666667, 101, 0
23: 93.5416666667, 101, 0
24: 93.45, 201, 0
25: 93.4416666667, 101, 0
26: 93.4916666667, 101, 0
27: 93.3583333333, 101, 0
